1.0 0.0625 1.137413 0.015671 2.187923 0.015291 -1.050510 0.000381 -1.110120 0.000381 0.047483 0.021257 0.026226 2.245191 2.209900 -0.896908 -0.916331 -0.119547 1.000000 0.000000
2.0 0.0625 -0.008861 0.002697 0.570151 0.002578 -0.595012 0.000119 -0.598503 0.000120 0.017309 0.008032 0.009277 0.561298 0.552475 -0.448454 -0.458166 -0.089519 1.000000 0.000000
4.0 0.0625 -0.159062 0.000687 0.163564 0.000634 -0.322626 0.000053 -0.323900 0.000053 0.006249 0.002969 0.003280 0.140324 0.138119 -0.224227 -0.229083 -0.063733 1.000000 0.000000
6.0 0.0625 -0.145683 0.000279 0.079307 0.000255 -0.224990 0.000025 -0.225679 0.000025 0.003433 0.001647 0.001786 0.062366 0.061386 -0.149485 -0.152722 -0.050854 1.000000 0.000000
8.0 0.0625 -0.124755 0.000138 0.049022 0.000125 -0.173778 0.000013 -0.174292 0.000013 0.002242 0.001082 0.001160 0.035081 0.034530 -0.112113 -0.114541 -0.042781 1.000000 0.000000
10.0 0.0625 -0.107976 0.000090 0.034055 0.000081 -0.142030 0.000009 -0.142435 0.000009 0.001610 0.000780 0.000830 0.022452 0.022099 -0.089691 -0.091633 -0.037145 1.000000 0.000000
40.0 0.0625 -0.035345 0.000003 0.003982 0.000002 -0.039327 0.000001 -0.039466 0.000001 0.000204 0.000101 0.000104 0.001403 0.001381 -0.022423 -0.022908 -0.013614 1.000000 0.000000
1.0 0.125 1.246129 0.022970 2.291009 0.022343 -1.044880 0.000628 -1.104544 0.000630 0.047466 0.021257 0.026209 2.348227 2.209900 -0.855560 -0.916331 -0.119547 1.000000 0.000000
2.0 0.125 0.019671 0.003816 0.598444 0.003594 -0.594772 0.000222 -0.598266 0.000223 0.017308 0.008032 0.009276 0.587057 0.552475 -0.427780 -0.458166 -0.089519 1.000000 0.000000
4.0 0.125 -0.154450 0.000733 0.168435 0.000677 -0.322885 0.000056 -0.324163 0.000056 0.006249 0.002969 0.003280 0.146764 0.138119 -0.213890 -0.229083 -0.063733 1.000000 0.000000
6.0 0.125 -0.142125 0.000324 0.083092 0.000295 -0.225216 0.000029 -0.225907 0.000029 0.003433 0.001647 0.001786 0.065229 0.061386 -0.142593 -0.152722 -0.050854 1.000000 0.000000
8.0 0.125 -0.122919 0.000181 0.051116 0.000164 -0.174035 0.000017 -0.174550 0.000017 0.002242 0.001082 0.001160 0.036691 0.034530 -0.106945 -0.114541 -0.042781 1.000000 0.000000
10.0 0.125 -0.106641 0.000114 0.035627 0.000102 -0.142268 0.000012 -0.142673 0.000012 0.001610 0.000780 0.000830 0.023482 0.022099 -0.085556 -0.091633 -0.037145 1.000000 0.000000
40.0 0.125 -0.035276 0.000005 0.004096 0.000005 -0.039372 0.000001 -0.039512 0.000001 0.000204 0.000101 0.000104 0.001468 0.001381 -0.021389 -0.022908 -0.013614 1.000000 0.000000
1.0 0.25 1.556888 0.019740 2.597149 0.019066 -1.040261 0.000674 -1.100017 0.000675 0.047432 0.021257 0.026175 2.713435 2.209900 -0.748509 -0.916331 -0.119547 1.000000 0.000000
2.0 0.25 0.099631 0.003178 0.680265 0.002953 -0.596634 0.000226 -0.600168 0.000226 0.017306 0.008032 0.009274 0.678359 0.552475 -0.374254 -0.458166 -0.089519 1.000000 0.000000
4.0 0.25 -0.136995 0.000792 0.187063 0.000726 -0.324058 0.000066 -0.325344 0.000066 0.006249 0.002969 0.003280 0.169590 0.138119 -0.187127 -0.229083 -0.063733 1.000000 0.000000
6.0 0.25 -0.134303 0.000498 0.091964 0.000465 -0.226267 0.000033 -0.226961 0.000033 0.003433 0.001647 0.001786 0.075373 0.061386 -0.124751 -0.152722 -0.050854 1.000000 0.000000
8.0 0.25 -0.118085 0.000289 0.056718 0.000268 -0.174802 0.000021 -0.175319 0.000021 0.002242 0.001082 0.001160 0.042397 0.034530 -0.093564 -0.114541 -0.042781 1.000000 0.000000
10.0 0.25 -0.104049 0.000134 0.038720 0.000120 -0.142768 0.000014 -0.143174 0.000014 0.001610 0.000780 0.000830 0.027134 0.022099 -0.074851 -0.091633 -0.037145 1.000000 0.000000
40.0 0.25 -0.035114 0.000012 0.004321 0.000010 -0.039436 0.000002 -0.039575 0.000002 0.000204 0.000101 0.000104 0.001696 0.001381 -0.018713 -0.022908 -0.013614 1.000000 0.000000
1.0 0.5 2.591861 0.021815 3.607398 0.020983 -1.015537 0.000832 -1.075567 0.000833 0.047369 0.021234 0.026135 3.762881 2.209900 -0.557716 -0.916331 -0.119547 1.000000 0.000000
2.0 0.5 0.347662 0.004434 0.920871 0.004192 -0.589208 0.000242 -0.592788 0.000243 0.017302 0.008031 0.009270 0.940720 0.552475 -0.278858 -0.458166 -0.089519 1.000000 0.000000
4.0 0.5 -0.078758 0.000993 0.245114 0.000928 -0.323872 0.000065 -0.325172 0.000066 0.006249 0.002969 0.003280 0.235180 0.138119 -0.139429 -0.229083 -0.063733 1.000000 0.000000
6.0 0.5 -0.110487 0.000440 0.115851 0.000407 -0.226338 0.000033 -0.227035 0.000033 0.003433 0.001647 0.001786 0.104524 0.061386 -0.092953 -0.152722 -0.050854 1.000000 0.000000
8.0 0.5 -0.106108 0.000269 0.068852 0.000248 -0.174960 0.000020 -0.175478 0.000020 0.002242 0.001082 0.001160 0.058795 0.034530 -0.069714 -0.114541 -0.042781 1.000000 0.000000
10.0 0.5 -0.096396 0.000174 0.046552 0.000160 -0.142948 0.000014 -0.143354 0.000014 0.001610 0.000780 0.000830 0.037629 0.022099 -0.055772 -0.091633 -0.037145 1.000000 0.000000
40.0 0.5 -0.034798 0.000007 0.004640 0.000006 -0.039437 0.000001 -0.039577 0.000001 0.000204 0.000101 0.000104 0.002352 0.001381 -0.013943 -0.022908 -0.013614 1.000000 0.000000
1.0 1.0 5.162933 0.023301 6.076417 0.022366 -0.913485 0.000935 -0.974022 0.000936 0.047498 0.020292 0.027206 6.249377 2.209900 -0.347701 -0.916331 -0.119547 1.000000 0.000000
2.0 1.0 0.985727 0.004150 1.519671 0.003792 -0.549945 0.000358 -0.553571 0.000359 0.017306 0.007954 0.009352 1.562344 0.552475 -0.173851 -0.458166 -0.089519 1.000000 0.000000
4.0 1.0 0.076559 0.001035 0.387131 0.000928 -0.310572 0.000107 -0.311888 0.000108 0.006248 0.002966 0.003283 0.390586 0.138119 -0.086925 -0.229083 -0.063733 1.000000 0.000000
6.0 1.0 -0.043822 0.000473 0.176094 0.000421 -0.219915 0.000052 -0.220617 0.000052 0.003433 0.001647 0.001786 0.173594 0.061386 -0.057950 -0.152722 -0.050854 1.000000 0.000000
8.0 1.0 -0.069069 0.000269 0.102084 0.000238 -0.171153 0.000031 -0.171675 0.000031 0.002242 0.001082 0.001160 0.097647 0.034530 -0.043463 -0.114541 -0.042781 1.000000 0.000000
10.0 1.0 -0.073529 0.000170 0.066921 0.000150 -0.140450 0.000021 -0.140857 0.000021 0.001610 0.000780 0.000830 0.062494 0.022099 -0.034770 -0.091633 -0.037145 1.000000 0.000000
40.0 1.0 -0.033708 0.000007 0.005579 0.000005 -0.039286 0.000001 -0.039425 0.000001 0.000204 0.000101 0.000104 0.003906 0.001381 -0.008693 -0.022908 -0.013614 1.000000 0.000000
1.0 2.0 10.636297 0.023946 11.409997 0.022919 -0.773699 0.001028 -0.835240 0.001029 0.050576 0.015634 0.034942 11.566451 2.209900 -0.191763 -0.916331 -0.119547 1.000000 0.000000
2.0 2.0 2.378380 0.004681 2.844359 0.004222 -0.481979 0.000459 -0.485614 0.000458 0.017616 0.006982 0.010635 2.891613 0.552475 -0.095881 -0.458166 -0.089519 1.000000 0.000000
4.0 2.0 0.431259 0.001322 0.712877 0.001132 -0.281618 0.000189 -0.282948 0.000189 0.006268 0.002834 0.003434 0.722903 0.138119 -0.047941 -0.229083 -0.063733 1.000000 0.000000
6.0 2.0 0.115767 0.000607 0.319360 0.000505 -0.203593 0.000103 -0.204299 0.000103 0.003436 0.001615 0.001821 0.321290 0.061386 -0.031960 -0.152722 -0.050854 1.000000 0.000000
8.0 2.0 0.020400 0.000344 0.180765 0.000282 -0.160365 0.000062 -0.160894 0.000062 0.002242 0.001071 0.001171 0.180726 0.034530 -0.023970 -0.114541 -0.042781 1.000000 0.000000
10.0 2.0 -0.016197 0.000182 0.116752 0.000147 -0.132950 0.000036 -0.133361 0.000036 0.001610 0.000776 0.000834 0.115665 0.022099 -0.019176 -0.091633 -0.037145 1.000000 0.000000
40.0 2.0 -0.030453 0.000008 0.008184 0.000005 -0.038637 0.000002 -0.038775 0.000002 0.000204 0.000101 0.000104 0.007229 0.001381 -0.004794 -0.022908 -0.013614 1.000000 0.000000
1.0 4.0 21.675688 0.023150 22.306771 0.022346 -0.631084 0.000803 -0.694693 0.000805 0.066694 0.009319 0.057374 22.465711 2.209900 -0.099617 -0.916331 -0.119547 1.000000 0.000000
2.0 4.0 5.179918 0.004718 5.568424 0.004388 -0.404506 0.000330 -0.408106 0.000331 0.020505 0.004672 0.015833 5.616428 0.552475 -0.049808 -0.458166 -0.089519 1.000000 0.000000
4.0 4.0 1.150756 0.001274 1.393214 0.001093 -0.242457 0.000181 -0.243777 0.000181 0.006638 0.002183 0.004455 1.404107 0.138119 -0.024904 -0.229083 -0.063733 1.000000 0.000000
6.0 4.0 0.440983 0.000595 0.619927 0.000480 -0.178944 0.000115 -0.179640 0.000115 0.003529 0.001348 0.002181 0.624048 0.061386 -0.016603 -0.152722 -0.050854 1.000000 0.000000
8.0 4.0 0.205696 0.000349 0.348932 0.000272 -0.143236 0.000077 -0.143770 0.000077 0.002274 0.000940 0.001334 0.351027 0.034530 -0.012452 -0.114541 -0.042781 1.000000 0.000000
10.0 4.0 0.103795 0.000229 0.223848 0.000172 -0.120053 0.000057 -0.120466 0.000057 0.001623 0.000704 0.000919 0.224657 0.022099 -0.009962 -0.091633 -0.037145 1.000000 0.000000
40.0 4.0 -0.022585 0.000009 0.014447 0.000005 -0.037031 0.000004 -0.037168 0.000004 0.000204 0.000100 0.000104 0.014041 0.001381 -0.002490 -0.022908 -0.013614 1.000000 0.000000
1.0 8.0 43.806745 0.021136 44.327415 0.020361 -0.520670 0.000775 -0.588445 0.000777 0.109129 0.004908 0.104221 44.457612 2.209900 -0.050512 -0.916331 -0.119547 1.000000 0.000000
2.0 8.0 10.756545 0.004652 11.076230 0.004415 -0.335685 0.000237 -0.339198 0.000238 0.031076 0.002577 0.028499 11.114403 0.552475 -0.025256 -0.458166 -0.089519 1.000000 0.000000
4.0 8.0 2.565786 0.001101 2.767611 0.000999 -0.201825 0.000102 -0.203104 0.000103 0.008765 0.001302 0.007463 2.778601 0.138119 -0.012628 -0.229083 -0.063733 1.000000 0.000000
6.0 8.0 1.079641 0.000516 1.230487 0.000440 -0.150846 0.000076 -0.151504 0.000076 0.004289 0.000856 0.003433 1.234934 0.061386 -0.008419 -0.152722 -0.050854 1.000000 0.000000
8.0 8.0 0.569841 0.000304 0.692178 0.000245 -0.122337 0.000059 -0.122863 0.000059 0.002622 0.000629 0.001993 0.694650 0.034530 -0.006314 -0.114541 -0.042781 1.000000 0.000000
10.0 8.0 0.339617 0.000203 0.443301 0.000157 -0.103684 0.000047 -0.104088 0.000047 0.001807 0.000492 0.001314 0.444576 0.022099 -0.005051 -0.091633 -0.037145 1.000000 0.000000
40.0 8.0 -0.006400 0.000016 0.027944 0.000009 -0.034344 0.000008 -0.034421 0.000008 0.000206 0.000091 0.000115 0.027786 0.001381 -0.001263 -0.022908 -0.013614 1.000000 0.000000
